200
200
200
200
200
200
200
200
200
200
200
200
200
200
200
200
200
2
200
200
200
200
200
200
200
200
200
200
200
200
200
200
200
200
200
200
200
200
200
200
200
200
200
200
200
200
200
200
200
200
200
200
200
200
200
200
200
200
200
200
200
200
200
200
200
200
200
200
200
200
200
200
200
200
99
200
200
200
200
200
200
200
200
200
200
200
200
200
200
200
200
200
200
200
200
17
200
200
200
200
200
200
200
200
200
200
200
200
44
200
200
200
200
200
200
200
200
200
200
200
200
200
200
200
200
200
200
200
200
200
200
200
200
200
200
159
200
200
200
200
200
200
200
200
200
200
200
200
200
200
200
200
200
200
200
200
200
200
200
200
200
200
200
200
200
200
200
200
200
200
200
200
200
200
200
200
200
200
200
200
200
200
200
200
70
200
200
200
107
200
200
200
200
200
200
200
200
200
200
200
200
200
200
200
200
200
200
200
200
200
200
200
200
200
200
200
200
200
200
200
200
200
200
200
200
200
200
200
200
200
200
200
200
200
200
200
200
200
200
200
200
200
200
200
200
200
200
200
200
200
200
200
200
200
200
200
200
200
200
200
200
200
200
200
200
200
200
200
200
200
200
200
200
200
200
200
200
200
200
200
200
200
200
200
200
200
200
200
200
200
200
200
200
200
200
200
200
200
200
13
200
200
52
200
200
142
69
4
200
200
181
73
200
99
200
200
97
99
200
42
122
120
150
66
106
25
64
25
10
76
55
28
106
16
10
10
19
40
13
64
7
4
34
10
4
19
28
10
155
7
4
40
58
13
4
4
13
10
7
58
43
4
10
107
25
64
31
58
13
19
10
60
30
10
10
7
10
48
49
34
7
10
40
37
22
19
28
19
28
7
7
43
10
10
13
10
10
13
45
7
7
7
7
10
22
10
10
10
22
46
7
7
31
10
40
10
10
10
7
4
7
10
71
7
7
7
34
10
13
40
13
7
4
10
43
16
10
13
16
13
25
10
10
10
10
10
7
22
10
40
10
104
10
10
10
28
10
10
10
67
7
7
7
27
10
10
13
10
10
7
34
10
16
13
10
33
7
4
4
7
10
10
10
10
10
7
7
7
10
7
13
7
19
13
10
7
10
13
10
7
10
4
4
7
7
10
10
13
10
39
7
13
13
10
10
10
10
10
10
25
13
13
10
10
16
10
10
10
10
19
13
10
25
13
10
10
10
10
10
10
10
10
7
7
7
10
10
10
10
10
7
7
7
10
10
10
7
22
7
7
10
10
10
10
10
10
27
7
10
7
7
4
10
16
10
46
7
7
22
10
10
10
10
13
10
10
13
10
10
10
10
10
10
10
10
13
10
7
10
10
10
10
10
10
10
13
10
10
10
7
7
10
13
13
10
13
13
13
10
10
16
19
16
13
10
10
19
10
7
10
10
10
7
7
7
10
13
10
7
7
7
7
10
10
10
10
7
7
10
10
7
13
13
7
7
7
7
7
10
10
7
10
7
7
7
7
7
10
19
10
16
10
10
16
10
10
10
7
10
10
10
7
7
7
7
7
10
10
10
10
10
13
10
13
13
10
13
10
7
7
7
7
13
10
7
7
4
10
10
10
7
7
7
7
10
7
16
10
7
7
10
10
13
10
10
7
13
7
7
10
10
10
13
10
7
7
10
13
10
10
10
10
10
10
13
10
10
10
10
10
7
7
7
10
7
7
7
7
10
10
10
10
10
7
10
7
7
7
7
10
7
7
10
13
7
10
10
7
7
7
7
7
7
7
7
7
7
7
40
7
10
10
10
10
10
13
13
56
10
7
7
7
7
7
10
67
7
7
7
7
7
7
200
10
10
10
60
7
7
7
7
7
7
7
10
10
7
10
10
4
7
4
7
7
7
26
7
10
7
7
26
4
7
7
7
4
4
4
7
7
7
18
7
7
7
7
4
4
4
12
7
12
7
4
18
10
7
18
4
4
4
4
4
7
7
7
7
18
7
7
29
7
7
15
4
59
4
4
48
4
12
41
7
7
37
7
7
7
18
50
26
4
4
7
7
7
7
7
21
4
35
4
4
7
7
55
7
7
7
7
7
38
4
4
4
4
7
4
4
4
4
4
7
7
7
7
7
7
4
4
4
4
7
4
4
4
4
7
7
7
4
4
29
4
4
4
4
4
4
4
4
4
12
7
7
10
66
7
7
7
18
33
15
7
24
7
24
24
10
7
7
7
7
10
10
13
10
7
10
7
7
7
7
7
42
7
7
21
7
7
24
4
4
27
4
4
21
7
7
10
7
4
4
7
10
7
7
10
7
7
7
7
7
4
4
4
4
4
22
64
10
10
10
16
55
13
13
7
34
13
13
16
34
28
61
10
7
28
10
13
28
19
13
16
13
7
79
55
10
16
13
4
7
52
37
85
200
91
10
200
16
43
88
10
85
7
7
40
16
200
151
82
64
10
73
94
13
67
16
10
10
10
10
13
10
40
10
4
10
4
4
4
4
7
10
13
13
19
13
7
7
7
7
7
4
7
7
7
10
10
7
7
10
10
7
4
7
7
4
4
4
4
7
10
45
7
7
10
42
7
7
157
10
7
32
132
12
15
200
200
94
200
15
29
73
40
4
26
15
4
4
4
57
29
15
37
15
200
200
127
200
38
7
200
98
24
27
7
24
7
55
4
4
4
4
4
32
47
24
24
24
7
61
7
7
7
7
24
7
56
7
21
78
55
7
7
24
38
7
7
7
7
21
4
4
18
18
4
4
4
4
4
4
21
4
4
4
4
4
4
4
61
24
32
4
4
4
4
4
4
4
21
49
21
4
4
4
4
4
4
4
4
4
4
4
4
4
4
4
4
4
4
18
4
4
4
4
21
18
4
4
4
4
4
4
4
4
4
4
4
4
26
4
4
4
4
4
4
4
4
4
4
4
4
4
4
4
4
4
4
4
4
4
4
4
4
4
4
4
4
4
4
4
4
4
4
4
15
4
4
4
4
4
4
18
4
4
7
7
38
60
15
54
4
4
4
4
4
4
4
4
4
4
35
4
4
4
4
4
4
4
4
4
4
18
4
4
4
4
4
4
4
4
4
4
4
4
4
4
122
4
4
26
43
4
4
4
4
4
29
37
15
59
136
4
4
4
4
23
4
4
4
4
4
4
4
15
4
4
4
4
4
4
4
4
4
4
4
4
4
4
4
4
4
4
4
4
4
4
53
4
4
4
4
45
18
4
4
4
29
21
18
15
54
15
4
4
4
26
4
4
4
7
18
4
38
200
118
4
4
200
95
4
200
200
200
140
4
200
4
200
200
200
38
7
200
108
200
200
63
45
7
155
120
16
117
71
10
109
72
99
19
13
10
16
10
13
33
10
65
10
27
15
7
7
10
34
10
13
55
10
53
10
13
16
13
48
7
52
13
13
10
36
10
13
13
7
18
24
10
19
22
24
7
27
10
10
41
7
43
10
13
7
7
35
21
10
10
7
7
29
18
7
30
7
7
27
64
10
98
27
10
50
16
16
45
13
10
55
10
39
10
38
7
7
10
10
10
10
13
30
24
10
27
27
7
7
7
21
7
56
7
7
7
10
10
7
10
53
10
7
10
74
90
7
7
10
60
7
7
7
7
10
7
10
48
7
22
24
7
7
10
7
7
7
45
4
7
7
7
10
10
7
7
7
36
7
10
7
7
7
13
10
98
7
7
7
7
7
7
7
10
10
10
7
7
10
10
16
10
7
7
4
81
7
7
7
43
10
10
19
10
46
63
67
7
25
7
7
16
10
10
10
7
13
43
10
7
91
10
31
10
7
115
160
7
7
16
10
200
193
7
70
7
46
7
31
157
133
31
7
130
10
73
115
19
10
106
151
58
7
7
13
7
7
7
88
7
118
7
37
19
10
7
25
10
13
10
7
7
7
4
4
7
7
7
7
7
13
10
64
10
16
19
7
7
7
13
7
7
4
4
4
7
16
7
7
7
88
55
10
7
7
7
22
19
7
7
7
7
7
10
10
10
7
7
7
64
28
7
7
10
31
43
10
52
25
10
64
28
10
19
25
10
7
83
7
4
7
34
7
7
37
7
10
55
10
7
19
7
7
34
7
7
10
7
7
7
7
16
10
7
7
25
10
10
10
7
7
7
7
7
40
70
22
13
31
13
49
19
43
4
4
4
7
4
4
40
7
4
4
7
7
13
7
7
27
7
7
7
7
7
7
4
4
4
4
4
4
4
4
7
7
9
7
7
7
14
9
4
7
7
7
4
4
7
13
19
7
7
4
7
12
12
9
7
22
10
7
7
7
47
13
7
10
13
7
7
7
7
7
140
7
13
44
7
4
7
55
64
7
13
100
13
7
10
10
16
7
7
7
7
10
34
28
76
28
7
13
22
46
13
37
7
7
7
7
55
10
7
10
4
10
7
10
7
4
4
28
10
7
7
10
4
4
4
7
13
7
7
7
7
7
10
10
7
37
10
7
7
7
7
7
7
10
7
7
7
7
7
7
25
7
10
13
13
19
10
13
