-103.374159282
-122.70616303
-123.737403597
-121.782624617
-119.659347109
-121.110107158
-121.154999795
-115.462371608
-121.506287142
-120.2107302
-120.885935703
-116.759883815
-121.762659746
-111.507344337
-121.06864545
-117.553505901
-113.239963326
-125.278636247
-124.378558496
-119.987437875
-111.81771529
-123.309222494
-119.607434134
-120.01572254
-123.814284904
-122.148706379
-122.886142938
-126.173918632
-118.959693594
-118.572411392
-125.585180226
-121.62999427
-111.384933112
-123.079475499
-118.061709985
-130.091938647
-128.212712346
-117.754582706
-113.510352582
-123.693390268
-119.501629149
-119.438265594
-121.636051665
-116.557780538
-120.763013741
-118.585595894
-118.999979856
-122.134400549
-119.84457371
-117.228424199
-118.688164029
-124.490796098
-117.336819698
-121.660044734
-37.1407980358
-124.389325225
-121.773461831
-118.735771738
-122.882114249
-123.321491953
-124.155193374
-114.76848965
-118.332282811
-122.48166292
-122.470213899
-122.998014771
-121.939937546
-123.133045346
-118.918868971
-120.058639827
-123.139801338
-125.144388113
-122.748515813
-118.117777677
-125.632594891
-104.80596335
-112.696828997
-117.019569689
-122.516054495
-132.180934348
-123.280121221
-122.374398822
-46.3393957585
-123.42257553
-123.286601197
-124.035314523
-125.299064104
-121.464748075
-122.502469783
-120.765838028
-119.417215763
-119.729629756
-117.212689909
-119.961680466
-122.78932581
-123.260069585
-122.991162067
-119.924866918
-118.604505509
-119.277724267
-122.289616337
-119.916447743
-118.461924853
-120.632283012
-116.532743077
-121.234833423
-122.578470957
-123.241924592
-119.10243153
-127.526890621
-116.410112461
-119.390921486
-13.0451504314
-121.378776932
-120.358800011
-117.35034157
-120.945740834
-127.553958651
-113.603861279
-118.532179353
-119.45223249
-119.403133271
-121.160765442
-119.460959372
-118.990972755
-125.240499649
-122.000626027
-121.22273252
-120.563645136
-115.753845219
-121.76756819
-122.663667157
-118.613807546
-126.427207409
-121.861687697
-124.162331931
-115.817431536
-118.075589874
-118.461413249
-114.984496727
-120.944647765
-116.941002124
-117.73108017
-122.738168337
-123.585868682
-125.123580704
-124.932446585
-116.569061722
-120.08256795
-119.828883441
-124.511299844
-119.651560056
-119.776183963
-121.750766994
-121.784294033
-118.27068466
-121.771452045
-117.83016652
-115.920225837
-118.348584048
-119.502234918
-120.618724076
-125.755446608
-125.923695682
-119.189759161
-121.263577291
-119.229782286
-116.816021458
-111.420109359
-113.189976697
-119.61893255
-120.28859198
-112.428904606
-119.763547111
-112.463744231
-107.411946367
-109.097793114
-111.086766203
-96.5394683299
-109.602959986
-104.659738923
-45.4554581322
-103.02871601
-106.554293041
-99.5401956165
-94.1407130608
-96.3227519999
-92.967652119
-99.5357391062
-95.8458184139
-99.8434671524
-114.625977285
-113.360856441
-105.942947966
-102.754052575
-89.2487593282
-77.6501400351
-82.3334732837
-67.907286088
-71.3707210732
-54.4145403243
-42.3067123862
-17.6946168636
-23.4125840448
-33.5402108872
-9.46416907874
-19.0059115744
-8.06969757197
-3.55242380285
-12.8917098964
-22.182658904
-15.5442717726
-19.9002235342
-8.08291470189
-1.50040215288
-5.35434427892
-0.515563435639
-1.31954574297
-5.90921679789
-3.29984121155
-27.3572628358
-8.46416579047
-39.5669680916
-76.8095890808
-98.5326729325
-95.8903524032
-43.9497221443
-72.6471648481
-66.258733887
-74.564878868
-40.9411270896
-47.1167360073
-44.2363679095
-40.5749246416
-37.1446632996
-38.2128596904
-30.7648733544
-29.3856344646
-32.6017553783
-45.0861814261
-49.2252159033
-47.6386939664
-65.0933750378
-60.2237675909
-48.4137671399
-45.9043781469
-40.6871880351
-35.53753503
-27.6888516881
-26.5084237313
-26.6665495391
-23.0737939976
-21.210202874
-3.33981850747
-27.1399759266
-15.8561237179
-21.6554496428
-10.429941319
-6.62529138721
-8.33493823638
-5.65661015066
-8.45436340408
-8.32548053092
-4.45804863176
-3.66540660594
-3.00317971957
-1.07673551956
-3.64414157263
-2.11945902845
-1.40187457406
-1.1221379088
-1.0107428777
-0.900548131796
-0.894359136337
-9.22273181615
-5.0392284388
-1.20768449797
-4.80780077811
-1.40151126915
-1.45108651111
-3.561756068
-2.08465623656
-1.32987395109
-3.2887924928
-1.6628391621
-5.35145930791
-16.2342086449
-4.16405060304
-4.08910189947
-6.73690388926
-3.50704908155
-10.8211520116
-2.14145672527
-2.38633589232
-6.01236557549
-2.40996347114
-2.35054854523
-1.65875792748
-1.33605149537
-3.3355684254
-1.86787792174
-2.37666911274
-1.81374706339
-2.39984584305
-4.06820087376
-2.28293089971
-6.85629218514
-2.22104793978
-5.37017926615
-3.21663691225
-5.37806521395
-1.74640516755
-3.46863911841
-5.03029949908
-1.83767535277
-4.65624383716
-3.16904967404
-3.89978428205
-12.6886987835
-1.18723654576
-1.49355656742
-2.03851941987
-3.01265477191
-3.03152109142
-3.03261240468
-3.07277334928
-2.18859334507
-1.77517401914
-3.47118086803
-1.16509510387
-3.98211176122
-1.52486871801
-6.37817972681
-1.38997252662
-5.35083684732
-1.10748614651
-1.20421280878
-4.4053985937
-0.518000646501
-0.37906988513
-0.548610769821
-3.88667937798
-2.14581950077
-1.45095935792
-0.820768441659
-0.739342120605
-8.82223328775
-3.71462720709
-18.0989827745
-0.82367864048
-0.856730809457
-3.04210213729
-2.89815036903
-1.05903567555
-5.43616249879
-9.14295474302
-0.588088494207
-23.2090827546
-6.0835939839
-6.27272907941
-6.26411072762
-0.747879432629
-2.89229787427
-2.06495345208
-1.4262018252
-3.01744593452
-2.72411204087
-0.960460010165
-2.11088772784
-3.58491580583
-3.11291758512
-1.41436105634
-2.00059258626
-4.48874854015
-8.4768027261
-2.83439726066
-3.56454868604
-0.997223597453
-1.59932941397
-0.582746391103
-1.58442261864
-5.03299986154
-2.53425720875
-2.36268917999
-2.12384096934
-5.07553537723
-0.845412805982
-0.694662141893
-0.928719499542
-0.92108105413
-0.904753273166
-1.47098228234
-2.27882484491
-0.959867330273
-0.915541503505
-2.57841245382
-3.19972940914
-5.84648186396
-2.18730587737
-3.58134341514
-3.14764283539
-3.20171465794
-0.769970742736
-2.52736044777
-0.708545971195
-5.46562350918
-3.50039327007
-4.39689234549
-0.537104860703
-0.580731236545
-0.655421328405
-1.55314568613
-1.50309554959
-1.39842718382
-3.37313166894
-2.62427178157
-1.81567115111
-3.04292010108
-1.68354399898
-1.68059288302
-1.45432159712
-3.40349420242
-2.17875061891
-12.1347186745
-1.08292363006
-10.3519760768
-2.17229499314
-1.21747915116
-1.09650875062
-1.02406420574
-1.11725092252
-6.23787279162
-1.15668034141
-1.50883980037
-1.25211251024
-3.91136422145
-2.92296484285
-1.0267494451
-1.75907974022
-0.406016289855
-0.444132154255
-0.548678454758
-0.57496265077
-0.626447013281
-0.589680847759
-0.540857317154
-0.728850741569
-24.4836476029
-5.33743824551
-0.675516962004
-0.590681377076
-2.24260325573
-0.656104784957
-0.459419788535
-0.829130166983
-1.49390852307
-1.29761475994
-2.163371797
-1.28144732395
-1.41573863635
-1.25632332526
-1.44464717524
-0.994737299563
-3.17614848609
-0.23292169298
-0.260611666823
-0.378097058096
-4.29163088216
-3.03222274142
-4.93762045841
-3.81652399079
-0.549726685573
-0.558749536601
-2.37159750531
-3.33952145539
-4.13793991764
-1.57552633218
-0.745097468698
-1.52737645393
-1.66234653067
-1.88092827913
-1.64961753486
-2.54519593891
-0.740770973195
-0.828224613084
-0.750459026247
-2.1720777535
-1.0911229534
-1.05859149519
-1.1398793081
-0.641194687536
-0.583195274345
-1.7446657169
-0.579424637284
-1.43593070657
-2.7515701096
-0.989512840952
-2.89651519653
-1.8489038604
-2.42710258227
-3.11526999765
-3.26498051261
-2.15970179482
-3.63933905802
-2.12748081103
-5.93793959541
-1.51444585891
-1.39009759382
-1.13146713352
-1.10153637374
-2.72053099363
-4.04896528521
-1.38200655305
-1.22425590958
-1.34265781551
-5.23009490889
-3.60892457901
-1.39156291109
-1.89237100384
-4.04877248343
-10.4988809339
-1.44211210725
-1.40817883249
-1.73808045887
-1.59474003158
-3.77014386875
-3.27916667305
-1.71739966488
-2.27869104329
-2.21481234968
-2.20912151802
-1.4195534465
-1.76393767228
-2.58145976466
-1.75839018456
-2.78119379021
-1.928944888
-1.68653619303
-1.65951099188
-3.10822459136
-1.65657596613
-1.62957242614
-1.46839135264
-2.21635555692
-1.53240786735
-5.5606539976
-1.84885711269
-1.81882127474
-1.70036271167
-2.39430040335
-1.80621853773
-2.44641099911
-1.3666498062
-1.48381888347
-1.58965061198
-1.31171402979
-1.29987040652
-1.74912726157
-4.3134850145
-1.5038378453
-1.18672926136
-1.42394097369
-2.18333599934
-1.50885569754
-3.55273908809
-2.40971689803
-1.56136570911
-1.45429880925
-1.41137244041
-1.4082722085
-1.37199895698
-1.29098551408
-1.25689998069
-3.34997385379
-1.21542539806
-1.19234749287
-1.71507210992
-1.6916638168
-1.66138872068
-1.40456014901
-4.47510643372
-1.48744552399
-1.76018781838
-1.22534363757
-1.15268002863
-1.80175761923
-1.88122227182
-3.59736825583
-1.25258613709
-1.52741496661
-1.45915000623
-1.42797863118
-2.67987845569
-1.06957273063
-1.2517193569
-1.21456844799
-1.372386262
-1.26659860696
-1.56953488367
-2.93499000276
-1.27586296018
-1.72741319628
-1.2698416206
-1.69723969477
-1.53274306123
-1.34839262208
-1.97692278195
-1.33187032221
-1.58510574099
-1.55811985967
-1.284991367
-1.2814939934
-3.43287259088
-1.37183750255
-3.06942895736
-1.29670111129
-3.47712905853
-1.27147271443
-1.43305076717
-2.04034956044
-1.31755501617
-1.84092155282
-1.43435474786
-4.94186481315
-1.33553036423
-2.98885768745
-4.05805293908
-1.32820958946
-1.3155171464
-1.420739326
-0.768937069205
-1.59190750718
-2.10793748957
-1.84240273555
-1.34984828183
-1.28785738685
-3.4972354596
-1.52555097485
-1.679540186
-1.49496893814
-1.36227422675
-1.42544825967
-3.29132817464
-2.01733060144
-2.38065407268
-1.7787389701
-3.27100866863
-2.74523571775
-1.85760177978
-2.16068410181
-1.64577205075
-1.86008721538
-3.88617925165
-4.2949480588
-2.08614451058
-2.60109940431
-4.30271440387
-1.18519277021
-1.03723864858
-0.966686318375
-1.18501387085
-2.56209578417
-1.22456640087
-1.03821387263
-2.64430005643
-1.10464667124
-1.06957698184
-1.29492657435
-1.30363376604
-1.08965340929
-1.06985900851
-2.03824438074
-1.18798061312
-1.39151615417
-2.97180337127
-1.05499582127
-1.07980720835
-1.08968964951
-1.03361971484
-1.15819477587
-1.08759837295
-1.12171212506
-1.05219346608
-1.48966701065
-1.46905840509
-1.25850153472
-1.08893433273
-1.19153601407
-8.17741469437
-1.34957855585
-2.11307520046
-1.03235156928
-1.20767142226
-1.34015068648
-2.56157297815
-1.71086452992
-2.47193693705
-1.07977970347
-1.17218111042
-1.23068939918
-1.09992743817
-0.904774212208
-1.0215548102
-1.23164579559
-1.47127521337
-1.62710996815
-3.08349283492
-3.03310437742
-1.11753263986
-1.22722992832
-0.963769881669
-1.06798296434
-1.95875580597
-1.37749953528
-1.1670501122
-1.0937199631
-1.12542853802
-1.09570911463
-1.48737270687
-1.95208843264
-1.85811205485
-0.957266249361
-2.00888753835
-4.47465160955
-1.04765965965
-1.05163673812
-0.964185529059
-2.39090011276
-1.51703725177
-1.12457029177
-0.968069516139
-1.02346337853
-1.03326415955
-1.05466519549
-1.4635377488
-1.45919149443
-1.14301224331
-0.981064855197
-4.46201902525
-3.44331275045
-1.99818833914
-2.84329775675
-2.20973075934
-2.71240415989
-1.90953586963
-1.2989524205
-1.84335604644
-2.97582738789
-3.13136709855
-1.04096365983
-0.914907768668
-3.39778690586
-2.07665217135
-0.927577193642
-3.05104753705
-0.902228417206
-0.847423611269
-0.818812428828
-2.69903372408
-2.04689573101
-1.48688375898
-1.86516905889
-1.94071787029
-2.60719702924
-0.720506994668
-1.25152856461
-1.26595337115
-1.37826161008
-2.17434843135
-1.61796689405
-3.09322021025
-3.18114472209
-1.22700838245
-1.46400171164
-0.872016170895
-0.792165247149
-5.4926259825
-3.25231729836
-1.1027368904
-1.0158444903
-1.09846344793
-2.18923207814
-1.191990847
-2.13118642814
-3.26491886024
-2.74405274626
-1.78783027703
-2.33666721251
-1.50496122432
-1.14659620574
-1.57718665249
-1.50322074702
-2.7060094056
-1.13160456191
-0.945745595599
-0.571800105647
-5.50505696508
-1.03385758912
-0.868656749364
-1.52290830462
-0.655330995934
-0.615821824595
-1.06092957186
-1.09004406325
-0.702944713656
-2.28783020428
-0.771002615283
-1.58460971431
-2.0362641138
-1.06210222684
-5.67244527456
-1.11175850426
-2.52921676375
-1.66650624515
-0.720201866815
-1.01246145566
-0.746549249167
-0.668661021456
-0.648165317946
-3.69457619225
-0.785035246411
-0.987739512132
-0.925986003478
-2.9131470865
-0.638392657324
-0.882069157551
-1.05703022294
-1.17640030134
-0.562568182197
-0.543341213908
-0.57305913603
-0.937642244926
-3.93929453157
-2.13621054355
-3.10462714124
-0.725553375375
-0.620732332327
-1.42699380227
-0.60917060931
-0.764979862479
-0.534660231668
-0.651273826211
-0.603857676408
-1.43169168749
-0.363919964128
-0.359472629609
-1.36416696949
-0.456994893739
-0.734907639946
-0.973730215731
-0.385430794352
-3.62854689465
-2.24800252082
-0.550408030256
-0.491517674684
-0.546622111943
-0.61827328691
-0.792341689866
-0.583035398122
-0.608684928511
-1.48463756973
-0.499418183074
-0.533434661864
-1.37340047822
-0.595348048826
-0.435738455502
-0.41651437569
-1.00871832457
-0.722635012894
-1.40057314094
-0.328428092226
-0.32469780997
-0.672989230245
-0.728163251906
-0.655787962187
-1.80089294904
-1.13043166839
-1.16584953603
-1.41035221373
-0.990992195829
-1.60677488748
-3.14170146827
-2.09931240662
-1.06662427727
-0.940665099584
-1.19759309347
-4.09639541314
-1.58822285279
-2.79098223141
-2.53979877247
-2.43982525129
-5.09797682466
-4.86001635634
-2.90790917633
-4.17477186951
-2.99342120563
-3.32849430341
-0.422320761265
-0.312501830222
-0.538792195413
-0.680326316954
-0.34103040123
-0.436151888854
-0.433928834343
-2.15210021582
-0.618697905161
-1.00753735452
-0.87385895605
-3.65663548564
-0.998868836972
-1.01712705168
-1.47690713537
-1.79681463982
-4.89779570885
-1.3385270389
-0.791435686651
-1.26069539441
-1.15088560651
-1.04530898049
-1.10784307804
-1.47005446219
-1.1897447471
-0.950794485261
-0.929741544289
-0.991186412172
-1.26293005251
-1.1164643679
-2.58927936421
-1.08557737631
-1.12105428462
-1.1005548603
-1.65405574774
-2.19416078096
-1.31757539435
-0.910473529041
-1.62121758777
-1.2363020287
-1.27772369004
-1.20206043249
-1.15183090077
-1.27171669423
-0.537958221721
-1.49118572985
-0.96646649556
-0.356512251476
-0.351982765619
-0.303562228245
-0.342317844418
-0.366346380541
-0.73569988078
-0.75832760686
-0.426513541226
-0.957867243552
-0.812087001404
-0.392357803176
-0.30623490551
-0.345979463621
-0.766764872325
-1.12408621928
-2.65409758607
-1.02046810132
-1.05298537319
-1.24411263819
-0.481168610234
-0.542961841176
-0.246697864552
-0.279422300875
-0.223519850422
-0.183809702347
-0.194104822487
-0.125502653138
-0.116683581825
-1.59654321907
-0.602085259369
-4.56038022794
-0.82699892024
-0.311066515135
-0.408712846205
-0.266255748007
-0.244061948996
-0.282374439219
-1.02877280441
-0.20717010249
-1.22861432514
-0.34306432396
-0.26544457158
-0.28906310232
-0.337914862829
-0.356086367627
-0.345528443007
-0.456935511167
-0.721067397856
-1.29154582164
-1.74913584325
-2.41212232856
-0.39027157285
-0.759929170355
-0.499685501526
-0.532392514851
-0.509269605601
-1.17326231504
-0.477966934897
-0.534405571625
-0.756740347157
-0.43865023143
-0.505300372337
-0.750154606847
-1.34792602721
-0.445423070582
-0.404815592757
-4.17737384658
-1.29065134656
-0.199271730941
-0.458233313761
-4.46167025794
-0.534824679017
-2.45056624392
-0.251382142462
-0.423025111548
-2.78561551
-0.21004071427
-0.212821128096
-0.751100172359
-0.0583364500213
-0.0275694927882
-0.0612680095991
-0.0818052607127
-0.104995429699
-0.136051662418
-0.176627842779
-0.476804686328
-0.156202680217
-0.183020635244
-3.83804823866
-0.094196731395
-0.625463064851
-0.180872487057
-0.265915548078
-4.66784246232
-0.100377385427
-0.15177196609
-0.248353348049
-0.325048017089
-4.33933310068
-1.93579140586
-1.03416245
-1.20628684673
-1.09458996031
-1.1121171419
-1.07485010882
-1.0608014816
-1.83478363337
-1.36383648099
-0.867498909144
-0.334997557223
-0.326846829926
-0.346019295463
-0.341388736346
-0.384041409958
-0.380544039261
-1.11773366836
-2.88200054333
-1.00723999614
-0.850046962906
-1.56245089371
-2.01084197137
-0.982326162824
-2.30651495422
-0.950935491985
-0.77369739468
-2.10926834366
-1.10134360344
-0.985651050465
-2.04458972427
-1.13625691368
-1.17905220174
-2.22731540367
-0.391356682297
-0.441088707019
-0.414472282526
-0.414666479436
-1.23812125809
-1.17582539122
-1.31098793167
-2.14880735154
-0.330034375791
-0.436524336183
-1.11156414415
-1.27648462079
-1.36914701858
-1.37191925252
-0.404542771992
-1.17179836983
-1.59652217651
-0.355184160329
-0.383273934304
-0.365424300968
-0.333489547429
-0.344495764126
-1.92483667131
-0.285199371622
-0.295291205295
-0.280643227139
-0.993344602091
-0.264060269204
-0.64656112844
-0.385672474309
-0.411431595772
-0.257680741774
-1.441314929
-0.318031998827
-0.387194210041
-0.347736075265
-1.70008476141
-2.0705147872
-1.17839211004
-0.175610156506
-0.265986320702
-0.732240170981
-1.02850534813
-0.161645526586
-0.13485969202
-1.4197160876
-0.294652786195
-0.311860749586
-0.301527222069
-0.507876823602
-0.513173485336
-0.134273942682
-0.194039874283
-3.15786061582
-0.381290572203
-0.12467879342
-0.18183764375
-0.407565231463
-0.194707971889
-1.43473627893
-2.87939898931
-0.307019110626
-0.268478207112
-0.239545447786
-0.185309226961
-3.40955051778
-3.38780624962
-4.61531707944
-0.372045654917
-1.93247035335
-0.263165404538
-0.406396270147
-0.324568736593
-3.34475477617
-0.92778601131
-0.870975220618
-1.23489747326
-1.32394619251
-1.01839539609
-1.10319365625
-1.08838121138
-3.01615660975
-0.318063627663
-0.29968981192
-0.295579161389
-0.292003548527
-5.68451756362
-0.206571755973
-0.229485974477
-0.538267171664
-0.430098902225
-0.348637919249
-3.01734895685
-0.0697048040167
-0.230734075853
-0.160421568179
-0.15560336049
-0.193256496547
-0.27510457446
-0.213687065955
-1.99171834233
-0.313165905915
-0.189360549819
-0.1086690004
-0.0936512016768
-0.141481362903
-0.180598143853
-1.02882938896
-0.368564945353
-0.633868674048
-0.322429162212
-0.444165317804
-0.555469409794
-0.479762429531
-0.265974259875
-0.224961000437
-0.189613172546
-0.208551290586
-0.154125858981
-1.76630512652
-0.0793505964421
-0.134606726522
-0.162939809407
-0.173779520042
-0.190515868794
-4.86510837461
-0.206316901921
-1.86434646172
-0.20516577351
-0.170533364725
-0.111266657982
-0.109903127254
-1.57435060176
-0.236278756322
-0.255627305773
-2.03699357949
-3.11245755352
-2.49196429027
-1.20047077027
-1.25094716626
-2.50369935656
-0.346152695268
-0.339204688131
-0.616160942744
-1.01517863028
-0.989773949346
-1.63147579202
-1.15059128476
-0.977645296597
-0.961679177398
-2.74826242751
-0.931834192342
-2.60386473565
-2.09235383439
-0.924513504548
-0.871823344935
-0.844074245351
-3.70206282914
-0.955354637119
-1.25816667169
-1.36203847261
-0.298170896274
-0.435269395383
-0.400106699514
-0.300269797925
-1.6554834815
-0.243498105319
-0.665882701872
-0.351805243602
-0.343994481411
-2.15527003262
-0.33107349203
-0.315495697927
-0.304248743271
-2.25361462561
-0.16246001332
-0.134732717671
-0.159313156199
-1.42946966972
-0.24932936785
-2.62944128742
-0.244943592476
-0.271143402935
-0.749444197537
-0.747499405347
-0.311073999625
-0.348118321479
-0.367823082686
-0.272065908818
-2.14683872588
-0.0671039838119
-0.0753772994348
-0.114399533659
-0.23746746304
-0.123288276471
-0.135170258432
-0.176834706833
-1.62462445732
-0.0760732783848
-0.0711215300873
-0.0670387189066
-0.069374209189
-0.0892776557692
-0.080820947836
-0.0948607173429
-0.12051161016
-3.76034533287
-3.32055976155
-2.10362783802
-0.17147665772
-0.179329780081
-0.193960477639
-0.19486848127
-0.206349401087
-0.596881014862
-0.100037009158
-0.144283972282
-0.917924261908
-0.0494649609673
-0.0642130014987
-0.0551252203707
-0.0723102516358
-1.05874604931
-0.0703058805932
-2.00890072618
-0.910970156812
-2.52337996621
-3.29448973407
-0.326264330376
-0.288564300157
-0.226892678999
-0.230729964944
-1.21595306264
-1.21182739003
-0.232567066368
-0.249400445571
-0.301220053456
-0.312271587554
-1.2002954173
-0.309081850508
-4.51877852846
-0.29518547738
-0.873100391189
-0.10559494735
-3.83972248012
-2.46496453964
-0.0660276073715
-0.0785355081961
-0.0774852744719
-0.0746453621372
-0.068541382529
-0.0687396606262
-0.0815753316206
-1.12152395769
-4.32119453517
-0.128995584848
-2.86871694156
-0.251589681652
-0.176915259986
-2.62863992643
-3.01918907463
-1.40413049621
-1.80073434674
-2.74575150563
-0.449867982746
-1.63501601167
-0.254453929038
-8.28715608053
-1.01456334719
-1.81510533387
-0.999652716148
-0.877688453828
-0.805036667783
-2.09343380426
-7.7195958907
-0.959659174133
-0.208646585601
-0.217126258108
-2.49885202773
-0.245603446334
-0.259393112999
-0.203544823424
-0.199826841978
-3.12600042344
-0.232811797023
-0.230578771862
-4.29285027504
-0.10509460839
-2.41185996633
-0.047995863218
-0.070584223574
-0.0933320678593
-0.0993251055652
-0.0959827997796
-0.0930810956846
-1.20805408656
-0.0856400195077
-0.0890205627473
-0.242558279577
-0.613404185734
-4.40250679179
-0.127906911946
-0.113535153442
-0.0986439406199
-4.09094678176
-0.441111533785
-0.168798616916
-0.737276879242
-1.81247203832
-0.230449253297
-0.471311215534
-1.59903255865
-0.250894673778
-0.257316521357
-0.610163072105
-0.132297084453
-0.125928167669
-2.78278750568
-0.136568846264
-0.127004012222
-1.61397682528
-0.0724583610534
-0.0246751386258
-0.243193016205
-0.072839600404
-1.76329705523
-0.141602225304
-3.67252745263
-0.0987212174494
-0.0967781065305
-0.116254711147
-2.44601801884
-6.3908326964
-0.967481560703
-1.00815811659
-1.21710838934
-0.285717267645
-0.623743271352
-0.301142162715
-0.544127553839
-0.268610041343
-0.228222317421
-0.176793162472
-2.6527042863
-0.262044358724
-0.182876777292
-0.524428487103
-0.439159144023
-2.18139719472
-0.340437865391
-1.87007570181
-0.196579467363
-0.179914698103
-0.168854350217
-1.16261684672
-0.176246301799
-0.190597788405
-0.206899395495
-0.243249488632
-0.533263248815
-0.2853897054
-0.476000287953
-0.102987919847
-0.0788066087038
-2.90611963963
-1.95325305823
-0.129784598793
-0.15627589606
-0.182965334025
-0.207228599224
-0.214785852888
-0.198370543641
-0.159226058409
-0.123846917357
-0.0845687665654
-0.084465340384
-0.0914012856246
-0.0930960927796
-0.088417337015
-0.108245002076
-0.130123196929
-0.143775762544
-0.164620774245
-0.189946238153
-0.212356585976
-0.203476980398
-0.19896992581
-0.766951148835
-0.156972390663
-0.17525953125
-0.193469784013
-0.203652546205
-1.87411603523
-0.131221928603
-0.178009322068
-0.198815330958
-2.25444281485
-0.312073750752
-0.287334076905
-5.38342335611
-1.45372825997
-0.330558949559
-0.354926634073
-2.50564504239
-1.6675912202
-0.855460158265
-0.901973532179
-0.8744906452
-1.47533148359
-0.561493217728
-0.917431791233
-0.357347237972
-0.349143989989
-0.358642248899
-0.424903035019
-0.389796196456
-2.20539089209
-0.0952014664896
-0.0853481930949
-0.0775229623923
-0.0859369845382
-0.0776264530743
-0.10198570493
-0.306102494753
-0.090353806971
-1.12980711318
-0.177473165672
-0.169783870439
-0.180546208604
-0.192774109174
-1.1939159282
-0.11238905308
-0.102708182047
-0.0822955847011
-0.0931001678105
-0.101982821018
-0.104399935129
-0.0994255143263
-0.0996597045049
-0.100827744203
-0.126510702071
-0.145282737992
-0.154004909584
-0.173769798104
-0.194455553157
-2.25366407227
-1.01023933455
-1.05186587622
-1.92428706472
-0.203095590175
-0.237606742977
-0.260819354738
-0.275619102228
-0.268754501117
-0.256080555008
-0.221542908348
-0.219062491473
-1.95268093537
-1.93686470273
-0.368242578963
-0.377598871579
-0.396732995105
-3.96904968182
-0.867688559451
-0.0836830099003
-0.0952729796503
-0.120921704061
-0.107531102331
-0.291867180029
-0.165824626315
-0.152798799462
-0.128128950769
-0.124117466027
-0.111762551284
-0.101378932697
-0.264277850671
-1.66997236968
-0.748370972976
-0.253276864609
-0.0276568197048
-0.0053005147307
-0.0129673008598
-0.0230202326861
-0.0256137512845
-0.0265118678725
-0.0263605891511
-0.0237494621615
-0.0250168312259
-0.0553413916252
-0.0656206489761
-1.45841005495
-0.173173936247
-0.0821124570544
-0.0592338617096
-0.0617979481482
-1.78472640978
-0.189592926903
-1.58461813377
-0.119162823825
-0.0871923179541
-0.971867965321
-0.293111338924
-0.100735024146
-0.104089936994
-0.697286698425
-0.100015184448
-0.0917467979811
-0.0912794867547
-0.090388147189
-0.400385537605
-0.924126953606
-0.206180636966
-0.0738326899988
-0.886318963811
-0.403694037924
-1.67366314659
-0.194086781769
-0.174320030831
-0.621475483585
-0.200889451537
-0.198220926172
-0.181770832816
-0.193635603519
-0.19980056068
-0.16659371986
-0.138283320652
-0.17402703083
-0.0993757091943
-0.0819970764426
-0.0827375479029
-0.500073026604
-0.0590211577567
-0.328844870354
-0.355109642522
-0.11352723458
-0.125987253063
-0.15495569671
-0.560290326053
-0.759969652941
-0.244541858645
-0.300050295831
-4.09990189556
-0.056252728268
-0.0222998276592
-0.021885585344
-0.0212829514549
-0.0191445187021
-0.0244434890387
-0.0529368820177
-0.0970213260872
-3.08252046331
-0.11409807595
-0.0673138663321
-0.0641273681463
-0.643186448731
-0.340491771721
-0.238855685984
-0.981452251347
-1.51015349575
-0.052504067926
-0.0671517053423
-0.0820631209601
-0.0562470177424
-0.0674461502487
-1.54972128326
-1.01487594966
-1.71090276714
-0.202965739234
-0.23016762192
-0.262267730259
-2.94826729025
-0.084839991026
-0.0649631451655
-0.0900378114357
-0.440872397133
-1.34774960341
-0.418304901022
-0.125693327753
-2.83745484224
-2.5216838133
-0.394698536024
-0.30481654593
-0.279251747617
-3.3257710952
-0.367049082172
-1.31058203012
-0.173454485704
-0.15721206319
-0.169681593739
-0.115629073275
-0.102683687721
-0.0971893792924
-0.117060025948
-0.125680829739
-0.56098496621
-0.0869212443677
-1.70768793262
-1.01908861035
-2.83255539255
-1.30601933682
-3.29865208162
-0.107798438381
-0.114915017008
-1.95019692699
-4.21665988063
-0.128630165528
-5.76248598445
-0.211028731238
-0.193696972656
-0.167264295474
-0.153885632136
-0.455364258297
-0.119669826749
-0.0967152240696
-0.0763418301538
-0.0868732315805
-1.75456859548
-0.642484766023
-1.07067460342
-0.123312920975
-0.450115721462
-0.0925258517949
-0.085069980678
-0.071884918881
-0.0755808610346
-0.0792336277677
-0.0776564677213
-0.0623559211749
-0.024981597341
-0.027223286198
-0.060987522234
-0.0171598017599
-0.0188501832255
-1.34274603311
-0.195965252496
-0.893827722777
-0.189874995826
-0.158803505786
-0.137815180955
-0.137440807221
-0.13753834455
-0.14223468759
-0.147055629358
-0.159667874572
-0.160190530385
-0.143606554884
-0.135014081775
-0.119660087909
-0.104772492355
-0.0882172814027
-0.0805436014513
-0.0892396048275
-0.100087273421
-1.60730367787
-0.13102962565
-0.157498848318
-0.194130227568
-0.18658348458
-1.90728549363
-0.122250102594
-0.143968190063
-0.164209781045
-0.192377127179
-0.213255493486
-0.245465811938
-0.25775617123
-0.249938212735
-0.230597825392
-0.42535867629
-0.151766635277
-0.116304289263
-0.111640234521
-0.105044507437
-0.117681333033
-0.133027704277
-0.143746126296
-1.91497583469
-0.0687831580615
-1.45496327344
-2.46982542097
-0.116772095517
-0.104121411991
-0.0856628046861
-0.0808720705061
-0.0793072143113
-0.0722396499557
-0.0261089194447
-0.0237198300436
-0.0290692199899
-0.822415935182
-0.150363753978
-0.0771238748185
-0.338933305486
-0.143791610584
-1.94100215523
-0.0651250157076
-0.0833958428246
-0.107839839577
-0.135053969711
-0.181279909135
-2.42619077603
-0.0795342399324
-0.0732542258857
-0.0768625124777
-1.2970477895
-0.375483050447
-0.16528171672
-1.25803403235
-0.213535692519
-0.195738511902
-0.167942237678
-0.136805321054
-0.122230661208
-0.592564493931
-0.130357011237
-0.108620790663
-0.0973069311338
-0.0889213726655
-0.08197299376
-0.0923172771867
-0.114662229756
-0.714399438854
-0.071413229745
-0.737771960146
-1.0965699424
-0.106279030453
-0.0949211159554
-0.211820778342
-0.48524967161
-0.177201986491
-0.313765774381
-0.0706097211465
-1.33526531641
-0.114332471858
-0.123992838548
-0.245779996463
-0.0914423603474
-0.0825309773164
-0.150437380321
-0.350771849113
-0.110316310105
-0.239916441645
-0.156881293657
-0.168720332535
-0.316988837842
-0.180235409021
-1.20115217169
-0.243059174827
-0.205064757074
-0.197792044723
-0.173561453368
-0.99888599961
-0.22123488138
-0.206741225051
-0.936190641754
-0.409979314493
-0.284977296413
-0.166386203668
-1.06855709865
-2.20146942861
-3.73065196954
-0.300920207388
-3.12138570645
-2.15320510789
-1.19677943368
-0.872162950118
-0.991509557204
-1.57153024376
-1.02144269613
-0.885713842229
-1.06318527171
-2.69342695935
-0.15582823433
-0.14531669475
-1.29433401499
-0.0885354833015
-0.102193508281
-3.75105255178
-0.626209369482
-1.28589579501
-0.164874752361
-0.396366181301
-0.115252393411
-4.17238509644
-0.199738571366
-0.16802347923
-0.135005278684
-0.125053516567
-0.09729250137
-0.0783583092478
-0.606428456592
-0.116049603578
-0.12095903736
-0.158079401694
-0.793135129543
-0.133096385487
-1.78059434227
-0.139866253182
-0.168718404077
-0.657364876392
-0.248613191015
-0.216260752507
-1.27027698168
-0.31055196819
-0.267862589723
-0.220566646901
-0.195940458691
-0.175815262831
-0.501161906912
-0.983667831429
-0.280945500224
-0.257238262845
-0.251296953576
-0.21603480043
-0.186842772125
-2.2350494456
-0.337084738583
-0.754159964337
-0.239126902902
-0.255064086449
-0.261846109131
-0.254705931806
-0.229587286648
-0.828164829886
-0.168460103382
-0.66870113373
-0.117735315431
-0.093592809177
-0.0936951326882
-0.386530486042
-0.179057905643
-0.163857932333
-0.171288305591
-0.193407244366
-0.627154147528
-0.104880828842
-0.10955293075
-0.682010882276
-0.0588682202511
-0.720574310384
-0.122793067531
-4.52913647662
-0.296027633845
-0.364386315747
-1.79734557891
-0.131990402513
-0.119005078242
-0.0987264336834
-0.103522188
-0.28797507743
-0.14401277997
-0.130932549024
-0.729610986767
-0.025941957626
-0.0544208206651
-0.0657172483248
-0.0901436589812
-2.25533739141
-0.610578134711
-0.119489581463
-5.71082128384
-0.175877116779
-0.177531153581
-0.19222466617
-2.98766239577
-0.22817729524
-0.278911418171
-0.244030245592
-0.232319471104
-0.211686797208
-0.203822906861
-0.635711860757
-0.986028193832
-0.35990344971
-0.15543403827
-0.153288975332
-0.88071864687
-0.143962736891
-0.140868527405
-0.146156258291
-3.00754745265
-0.0949394097885
-0.0991080849257
-0.121970203401
-0.135316465323
-0.148538790285
-0.173496588762
-0.169793125313
-0.165757932264
-0.149594284361
-1.6134363007
-0.0704222052875
-0.0896843485403
-3.80211648802
-0.111593447348
-3.13565601705
-0.0898547739489
-0.0892953348579
-5.90788897583
-0.101697478454
-0.824866157568
-0.155990842466
-0.119914445675
-0.108743608557
-2.46102678548
-0.115563882132
-0.131786067632
-1.85618347273
-0.149715004266
-0.170720636339
-0.19608637489
-0.203369950924
-0.196561302444
-0.17479697878
-0.155794524657
-0.697858419682
-0.0832708723866
-0.0757346225921
-0.0695089528733
-0.0759514505412
-2.47899522563
-0.121466157178
